[LIGHT_HEADLIGHT_0]
AFFECTS_TRACK=1
COLOR=1, 0.877273, 0.877273, 10
